126 115
150 167
2 269
175 92
70 266
90 145
154 211
266 28
23 192
38 94
28 264
264 34
281 18
141 16
197 33
215 159
53 285
165 114
32 263
61 157
151 172
276 5
120 135
76 19
112 17
142 265
256 21
32 265
255 51
278 6
142 19
187 209
1 202
154 203
147 22
32 261
179 192
148 24
97 150
34 271
204 150
80 60
173 190
103 87
184 241
122 145
199 110
49 107
77 282
241 191
278 154
253 128
94 256
182 126
263 137
20 180
82 139
100 112
23 252
58 81
9 140
252 20
77 95
103 189
157 180
195 284
77 128
157 212
184 131
142 98
0 265
277 85
146 99
272 219
8 211
267 29
10 285
171 85
219 157
22 256
265 33
31 196
135 256
182 163
98 84
236 7
103 80
279 150
269 74
30 266
234 115
285 92
81 58
142 273
178 226
265 107
268 36
51 174
161 30
32 265
