13230 9916
2728 10052
6621 9057
13710 8679
8850 7260
4264 11330
10187 1391
6486 14412
15110 5171
8699 8806
6061 10534
6446 12641
5479 7382
2579 11358
8423 13209
4386 7427
13196 5014
8632 10818
13654 2282
6216 9809
9058 8902
3497 1899
8700 14882
10264 8955
12377 5318
9260 9731
5865 14927
3867 8307
4367 759
3842 11798
14390 994
11468 11607
7144 12154
795 11280
11024 9142
4117 8839
6982 9152
4070 5940
8475 6056
13933 6045
14179 3665
3315 12383
11022 4839
9426 617
8118 14902
13001 6795
2786 15345
12616 9285
4701 5971
9839 13484
2461 6095
12881 2916
14187 8030
3154 11322
8884 2109
4708 14648
8362 3047
6473 892
10014 13296
15251 122
12499 8347
15029 9424
8007 11032
11708 8688
4828 8995
12106 9670
3868 11828
1625 12458
11345 4262
2297 7570
11921 4282
13831 4161
6236 5502
2734 7188
3388 15065
6343 9934
6442 545
4078 10586
6153 7424
4380 12283
3461 11687
5372 6929
13098 1430
7068 23
6480 13531
9657 8055
5555 12014
7692 2951
3501 7127
12191 11204
5874 8011
4254 3501
8960 9692
8819 2319
8036 8700
1126 1083
1479 14878
4408 1698
14311 2624
14075 12753
11178 5821
6981 9178
7580 10631
13509 7295
8279 9292
11808 1872
6823 9276
13021 9987
5088 15325
14758 3995
13506 9040
2872 6747
5796 10273
12160 8303
13683 8324
2751 13548
14616 2404
11224 9323
8149 1699
9330 6043
7064 3451
4211 12687
13060 5127
9488 8461
6350 2118
527 9569
2912 13398
5768 9070
9689 11277
7871 5736
8539 6402
7658 14707
13812 7020
11781 10173
14990 5329
14170 481
7145 12735
12088 8473
13024 479
781 9266
11971 6629
2578 11329
13296 7676
5080 8364
5120 15352
8144 8559
9014 11767
5010 10657
6399 8546
4622 9084
9728 8129
5361 11567
13362 8339
8523 9506
5555 11746
5980 13007
6316 9352
8672 4805
8250 4976
2790 11583
872 14554
7260 13736
2726 13233
9235 11686
7704 10444
12616 7538
7426 9574
7455 14769
3417 4086
11850 4797
13452 5271
15042 5694
6522 632
1289 13272
5074 8076
5412 10770
4846 13331
3774 4812
6684 477
5638 3167
5050 20
11576 7108
10020 4673
8421 10894
7020 14665
5414 14466
5663 13857
6155 12359
6710 13759
2743 10084
2662 10562
9513 8789
11602 3385
1447 13374
394 9180
1229 1684
9604 7165
3324 12415
8367 13417
1309 2586
14288 23
4269 2372
11380 11823
15449 6672
13139 6662
11351 1996
6094 7675
1470 5676
7392 5811
14710 3624
8419 10605
5143 6729
681 1139
1934 11587
9142 14728
7696 14733
7031 12671
12249 5475
7448 15048
531 1213
13267 3303
13210 4715
1313 3161
10427 7434
5143 8183
8399 4795
14508 3430
12255 6954
13239 3903
8365 3344
10530 5216
5167 10521
5557 1086
8140 1975
10429 3933
4698 10633
8993 5668
10167 5167
11140 9549
12412 5048
916 12558
9150 6407
4405 4861
5462 9056
7850 11173
3396 8726
14655 5298
9863 4560
11820 5082
1374 9253
10588 3243
13632 229
12470 5386
6622 10494
6307 14196
11706 10100
3878 10646
9820 10843
14592 5792
7960 6121
8415 7442
1709 14802
3072 6652
5727 14236
11345 8038
398 8079
10907 11033
9910 3708
6821 3542
7743 5866
6369 8545
12968 1620
13995 7227
9880 3962
11539 8525
10556 4359
2258 5006
15383 4850
5450 7043
9886 3089
13813 9064
8465 11497
13143 4333
12650 7005
7795 5948
12065 9901
8513 6902
7281 8899
7995 4122
9805 7651
5317 14080
12677 7072
2699 5716
1288 9767
8061 10524
14854 2606
2161 6618
118 7168
4246 11310
5703 11350
7177 13357
228 10465
6643 709
13561 4765
7287 3964
8115 5930
11626 2284
5891 10654
7738 9883
8364 9924
6469 9185
9706 4123
10279 2342
4720 11476
11073 2891
13162 6967
12421 483
6427 540
10707 757
4762 11790
11984 8095
4799 12697
14638 4416
236 13356
2180 12689
7156 6752
1404 3821
12653 7020
10657 2191
4648 7409
1088 2635
9493 9370
5940 1187
7606 10025
9741 12776
7884 10080
4667 13461
15164 3756
2756 12414
9570 8831
13654 1724
12487 3135
15430 8091
13730 10399
13508 7609
12123 7639
9761 9058
1738 426
12915 4393
6374 9668
11985 4937
5514 12853
6614 8749
1141 2157
8730 3662
6382 8803
7527 15466
10164 13784
1024 14095
11389 8087
12016 6944
12075 6156
2811 13586
9462 13356
9750 8421
9048 8005
9082 4033
6381 5985
3538 5143
8412 11448
4013 11916
3791 8270
3581 4909
8451 9734
14071 8168
2151 14980
8553 10974
11140 6412
1647 10424
691 7762
3134 10483
9286 12627
7160 8160
10864 4974
2409 13502
10268 4359
339 3706
3284 12083
8814 8104
10934 3599
977 10645
2020 12517
10139 4566
10669 2441
7797 15435
9311 6590
5582 14346
14333 658
10610 11024
10082 7315
376 1698
9462 7557
6975 11976
6963 6240
6240 7243
546 14189
7086 13566
5401 11573
9492 5055
1905 2352
2064 12591
12303 3515
8898 2138
4664 9736
2363 5405
4428 13211
8749 12376
9642 8964
12969 12235
4800 10433
9276 7426
13457 2103
7336 7179
5213 11411
3520 11406
11184 7589
8945 10828
3605 14685
12601 9005
11496 2732
10976 5930
12973 3899
6911 11623
6632 10250
4966 8252
11 13690
7546 6526
13488 3814
10370 8213
3067 14143
6849 9302
11340 12076
13552 124
13955 9509
12124 9981
3716 13627
10965 6760
6331 126
12122 14571
13155 2329
8574 9856
13313 3681
11144 5522
10753 12054
8607 7887
9811 9073
10160 4259
1536 11746
12193 4003
7792 9062
4629 4812
7355 11519
13097 9219
12981 8228
13272 4495
13084 5776
7539 14043
11360 10658
1693 2706
14456 8007
11506 1289
12892 6398
12094 8772
8086 7973
9462 11915
11622 5115
13781 2972
14217 5464
3595 2851
11865 5662
8781 9211
15098 7761
10468 10633
2183 6054
9656 12393
10182 8623
1042 8636
10708 3932
14859 3190
1061 8143
2475 13822
7829 12579
1385 10203
8769 7213
7268 10331
5692 11003
1114 3559
10355 6189
13035 6839
3048 14968
11688 5479
3502 2210
6733 1720
10045 11061
1186 10540
4519 15014
11602 5174
12389 9353
8159 6595
3425 2143
2633 10558
7312 15235
12677 1318
552 13677
484 8096
13501 3574
3835 5422
9717 7808
12471 5389
14864 10707
11528 2184
15122 19
11898 7469
10866 3825
14355 1781
5187 11064
6560 11040
10014 3231
5872 7208
2586 2765
8071 4194
1986 1255
4938 8849
1162 15422
11521 9064
15157 2333
8058 2125
14926 6723
7260 8279
6039 12215
8125 12610
1492 11125
10572 2096
7962 10141
15061 12337
14881 6378
11941 5743
6902 11975
5485 10512
3206 7975
12479 2511
5121 13582
6643 5355
6987 14319
9507 9645
4655 11737
1646 11316
3438 11657
11476 13364
8407 7122
11438 10719
1153 12798
6396 4583
2613 3242
2768 10103
4285 10443
7931 5783
13568 1890
10987 7972
11884 264
11195 6452
12460 8034
6384 10016
11542 6766
9163 7867
10558 4630
5104 12421
13098 6053
9364 12106
5404 10756
932 4853
7601 8888
11706 48
7786 11423
13721 8390
5722 10214
883 5962
9856 8877
9641 12095
14928 4686
8992 10603
13207 7578
14851 6038
8195 6354
8395 3103
11775 9925
11486 1248
11708 6412
5766 14565
4206 5221
866 1862
686 541
14233 6626
3132 10186
14251 1186
9155 9901
11480 5575
7632 6659
8962 5646
6201 14119
7870 10023
4945 12863
5692 11906
12229 4894
503 15062
13322 7733
7340 12672
15288 3621
8301 3851
14334 1818
7061 15289
10193 10052
15436 876
2616 10813
86 6254
2384 1991
4556 10705
9229 12522
13685 4069
14806 14095
1282 13834
12743 2809
13815 3603
11531 5375
5489 12532
13024 10286
584 3062
10054 12778
11980 6931
6546 11842
7964 12111
13470 3799
1853 8618
4733 6026
13980 1182
3988 8146
12560 5819
14968 6464
7977 1490
15068 7441
7559 12022
5828 11719
8153 14627
14959 3606
5749 7017
12971 5078
5359 11293
12728 6264
4039 9974
1948 13580
5931 7537
13254 7032
8364 11661
10451 4571
4382 8292
7143 8709
6403 12867
1336 1762
10561 1228
9981 5537
7938 14710
10688 3945
5481 15079
5992 11601
2642 547
11598 9466
5122 10172
7546 1363
6587 13031
3543 15513
5795 12032
8065 14512
4964 9456
784 12987
5477 15120
235 2986
14537 5474
5048 12651
8816 8975
12048 4099
9136 3549
12402 7376
8718 11458
9268 13176
11659 8330
13017 1660
7903 7205
7188 9072
3180 10534
15248 7599
4875 11372
7410 11841
6576 7884
5870 11228
13873 1607
473 1473
5810 9992
5652 10138
9962 10090
14595 9558
6447 15511
9966 11258
6462 8317
6862 11586
14291 2311
15094 863
4953 5658
11484 5867
201 13596
7858 5424
5800 14314
5529 14327
3440 9652
14713 5038
12873 7525
3857 15224
15340 3711
6296 14777
98 10892
7193 6451
5342 6383
6350 9357
3025 12648
5446 15088
9199 14817
8357 15138
2190 2052
14558 4314
4951 15477
446 11528
5542 13456
4323 11975
6824 6392
1866 2284
13276 8807
3035 12117
9697 4954
3048 6646
5018 10902
6736 11777
12019 5532
9442 11876
2356 12545
2013 10187
4927 7076
3376 11865
5038 5205
5345 4665
5197 10778
9561 11435
4292 14500
8919 6199
10798 4010
8785 3194
4984 7120
10031 12777
7135 5840
13213 2433
6442 12660
8709 8302
7034 9784
3696 7270
6565 9833
992 11776
4749 10373
12801 10636
8308 11615
3833 11204
6027 5030
2113 7991
8787 10093
2697 13477
8042 12803
2475 10421
8829 12718
12126 4775
7983 4684
14946 4687
8581 4397
6967 6848
3764 14575
8041 9874
9401 5826
4813 10137
10384 7919
5677 10103
1915 15317
3938 5492
6033 14213
1975 3281
11701 8669
11274 3343
10416 4211
6346 8215
10186 10594
5491 9403
10644 2169
3514 5642
12532 4013
13835 6203
9249 3633
2839 11339
651 14343
1426 13407
1477 1066
5503 9097
9671 7206
4654 10237
11523 7625
13745 8695
2969 10567
11188 5835
7362 9229
10864 5259
11773 5532
11843 12270
11975 7498
14450 7383
5032 6899
9450 11033
13137 5212
7794 13381
5777 2175
4608 12777
13504 7587
6001 13633
5940 2070
10566 5779
1741 14007
4117 8033
11943 10950
15 9375
9664 6325
7206 14528
8885 9605
