186 206
210 49
124 248
245 193
20 180
83 98
150 134
60 41
220 168
126 68
194 246
163 35
182 274
107 120
146 131
228 137
113 134
83 137
104 158
117 209
168 77
143 91
88 138
57 73
189 25
156 97
75 240
202 182
234 251
80 28
93 147
84 31
174 189
240 219
104 196
107 93
130 217
151 277
46 132
99 45
161 69
167 74
200 215
65 85
249 126
123 141
28 190
112 202
148 94
95 42
55 178
261 136
54 142
192 244
157 134
220 95
72 117
98 255
179 159
252 236
180 56
286 164
170 15
167 75
173 83
95 185
175 52
155 241
247 157
9 168
121 67
16 249
141 124
171 43
167 74
84 102
130 37
12 211
157 175
216 125
126 105
232 176
212 268
145 93
57 108
211 123
160 247
177 196
221 96
105 51
125 106
75 131
206 224
88 101
73 275
250 234
93 148
74 22
81 174
143 196
118 244
217 52
86 211
176 191
89 175
248 122
74 131
211 54
120 209
88 145
105 50
125 180
116 172
195 145
136 87
269 142
118 136
60 256
12 101
111 59
155 174
40 277
67 123
93 72
101 191
150 207
84 65
20 107
132 185
184 132
105 51
227 97
208 153
149 131
61 114
63 154
161 285
70 92
141 161
74 129
140 85
49 246
260 65
201 72
214 127
140 232
210 157
200 179
201 37
183 131
90 140
204 221
147 96
188 278
251 87
89 101
236 144
182 161
153 136
130 38
146 230
66 119
237 181
183 132
239 184
171 117
167 40
243 115
213 162
168 38
10 138
154 174
29 120
123 285
133 80
156 210
144 274
13 174
183 94
78 95
250 120
45 245
135 190
163 70
142 91
99 123
191 245
177 193
200 252
54 210
76 23
204 184
184 169
97 223
245 119
190 63
183 240
127 69
31 122
191 244
191 136
93 216
47 210
136 11
169 151
108 164
125 104
132 147
222 58
65 48
102 48
98 152
190 100
229 65
237 37
14 67
97 227
161 70
160 29
135 46
55 107
244 150
43 170
114 276
221 132
157 215
138 47
31 126
156 212
180 56
177 125
99 116
105 17
241 149
18 286
45 243
207 154
225 134
105 195
70 161
176 196
6 131
180 129
136 10
253 129
242 152
159 177
141 233
92 71
140 227
224 172
274 110
25 78
71 192
57 181
91 108
117 135
166 219
147 95
221 241
64 153
213 53
167 185
129 35
142 91
64 156
250 89
51 69
167 39
132 119
282 118
239 74
207 190
145 130
103 14
228 65
36 166
108 273
193 103
264 210
65 12
40 169
11 245
66 88
125 142
55 71
143 91
110 93
193 31
158 214
243 154
244 117
168 182
238 146
49 103
181 57
79 130
38 23
248 196
247 78
97 75
148 133
154 280
98 228
48 133
114 96
159 244
214 92
137 44
137 158
140 88
236 111
121 102
100 189
167 75
5 98
97 40
185 130
36 128
167 73
130 4
98 42
146 238
26 115
45 172
242 223
231 213
177 93
78 98
158 248
64 45
92 217
102 160
259 171
87 69
145 202
200 179
97 38
206 112
134 82
171 81
220 93
202 218
124 180
37 129
93 148
72 164
107 127
73 201
204 221
198 67
162 105
187 98
220 134
268 213
174 265
25 77
227 60
270 106
55 36
96 111
51 252
150 244
210 156
201 148
138 230
287 163
111 167
178 270
150 240
89 102
72 129
36 92
53 141
176 193
66 160
103 226
223 65
63 81
127 214
76 205
146 163
234 286
181 203
113 206
207 114
251 92
200 214
179 193
85 102
102 264
114 134
130 146
69 53
119 246
92 215
89 214
137 12
118 64
130 217
139 191
278 151
102 190
190 101
131 76
246 84
1 165
87 105
113 239
94 73
76 95
62 223
39 166
131 146
68 155
21 180
51 140
85 135
119 249
226 103
148 168
79 170
163 107
148 95
128 36
153 174
95 76
65 158
126 68
100 158
134 76
142 158
167 183
159 249
159 176
43 132
252 57
174 89
191 208
54 69
126 69
138 154
134 78
137 81
36 129
272 181
217 203
263 172
180 21
129 36
49 134
120 174
82 97
235 179
160 140
152 208
278 153
59 187
199 178
208 157
186 134
227 140
84 137
15 212
174 82
155 136
153 138
161 177
11 133
184 242
162 106
112 96
126 249
95 188
214 126
23 74
167 183
258 98
30 119
175 155
52 105
74 131
68 194
91 70
64 160
49 282
170 41
95 75
234 214
222 97
104 233
156 213
238 108
224 206
99 222
160 140
105 203
243 151
73 166
275 111
176 196
56 144
125 248
145 196
179 200
143 90
71 92
148 205
144 202
75 59
263 105
139 158
73 165
210 231
135 79
194 139
210 190
71 241
68 197
114 25
193 175
141 119
131 74
236 36
223 134
116 26
33 127
174 6
99 151
247 53
0 236
99 223
239 109
113 171
115 170
240 77
251 86
78 131
139 90
21 256
219 168
117 246
156 213
117 100
192 99
148 277
166 218
154 207
109 203
231 211
30 196
23 181
198 144
178 161
46 66
85 174
42 95
91 67
253 59
147 96
98 225
165 72
205 6
80 64
223 97
150 98
62 194
79 132
242 114
112 130
248 81
187 98
185 132
56 219
179 91
75 240
122 213
123 135
116 279
280 80
54 105
44 278
43 63
206 115
119 96
218 238
62 82
87 181
204 186
108 195
160 285
80 100
196 104
40 96
281 48
89 182
64 155
70 127
77 168
93 72
131 9
83 246
249 233
63 186
133 78
182 239
276 40
248 88
230 139
143 201
208 225
248 88
210 266
249 198
88 33
125 178
141 193
81 96
109 197
214 261
168 256
137 84
187 171
126 142
74 25
194 31
183 60
184 132
115 27
34 127
220 241
59 183
251 86
211 89
130 7
208 82
112 61
260 66
87 138
240 40
172 120
158 180
189 170
243 11
134 7
36 58
275 110
212 194
78 27
169 149
115 278
238 112
194 176
101 227
66 229
215 236
68 160
85 140
248 159
222 98
249 88
229 139
134 185
97 229
245 116
231 140
226 208
110 238
137 84
95 40
122 101
243 117
127 36
97 156
141 160
174 122
169 44
66 157
208 46
247 157
53 211
132 218
76 272
202 185
148 131
69 162
109 129
63 85
144 58
69 90
216 92
93 184
125 100
213 119
4 168
58 217
115 135
178 90
16 106
172 13
0 129
158 139
117 100
95 214
210 152
157 212
126 142
83 248
169 111
204 113
148 24
205 149
169 75
131 178
175 55
122 212
81 99
200 35
285 85
133 115
83 210
235 179
15 175
97 147
153 246
149 205
133 42
42 208
211 52
82 280
93 144
195 68
41 168
119 211
250 197
98 7
123 141
152 279
184 240
189 95
113 276
212 195
171 151
79 133
156 282
215 163
137 193
67 230
244 79
164 147
187 207
63 77
131 219
157 30
84 245
171 49
45 132
122 30
95 184
65 226
116 208
166 254
231 139
121 100
139 160
131 40
132 40
145 239
133 9
143 194
112 240
180 200
219 92
130 150
173 157
215 162
180 58
84 245
105 123
60 257
173 187
72 93
151 242
127 108
96 113
202 73
111 240
143 128
110 204
100 227
250 161
170 148
68 161
172 153
55 106
223 242
78 242
67 195
240 76
136 44
102 156
179 92
66 157
38 60
225 243
125 212
90 181
112 277
103 125
197 250
208 153
64 187
113 95
199 287
66 261
190 244
89 176
200 146
68 267
82 101
98 119
259 170
255 131
204 76
47 248
99 151
64 119
197 177
251 86
154 243
139 195
136 188
134 46
178 57
111 168
17 214
133 81
145 129
166 181
92 215
130 110
240 149
199 250
185 23
263 66
218 168
136 155
109 236
121 99
20 216
120 172
200 216
93 107
96 78
146 22
219 205
269 105
169 82
101 11
1 201
38 168
209 80
164 36
178 86
210 52
67 158
128 111
199 107
196 69
121 246
220 97
103 49
116 101
176 153
85 67
76 168
71 93
60 75
95 114
203 149
26 79
99 223
101 117
250 198
108 240
127 143
248 158
214 90
39 97
263 66
171 46
100 191
244 155
164 215
211 230
187 243
147 95
230 103
110 131
230 143
177 92
132 7
67 197
134 80
204 183
138 188
244 226
147 241
95 185
246 84
17 211
50 175
178 234
221 59
183 90
110 275
250 56
138 121
134 261
195 283
44 98
170 187
274 145
130 180
196 176
176 50
126 145
131 185
200 216
81 244
23 219
265 138
166 180
221 97
53 177
177 156
43 168
181 94
248 53
26 151
190 204
62 76
145 130
91 215
29 82
73 166
80 208
243 78
212 267
244 11
248 119
94 77
64 153
259 170
67 85
224 136
245 119
96 148
184 206
189 174
104 160
213 90
131 110
213 156
122 180
107 93
205 149
250 199
124 247
280 44
213 159
172 152
5 170
190 137
97 111
192 173
284 50
91 211
185 24
190 243
89 141
133 185
115 99
222 27
64 184
143 198
62 229
194 175
77 168
117 99
95 185
60 258
200 72
174 194
193 67
260 136
116 98
225 171
93 36
145 167
141 234
178 55
184 129
87 99
246 193
211 155
223 64
210 193
86 211
103 156
191 138
172 155
216 128
120 208
135 188
165 217
187 99
273 74
237 216
125 250
177 160
188 243
182 276
53 70
178 194
71 127
176 230
137 48
80 135
89 249
214 200
218 94
121 103
131 2
150 206
79 96
137 187
10 136
137 47
61 117
85 176
60 3
56 179
276 186
68 88
221 24
215 19
94 74
73 57
119 175
132 186
86 31
144 123
171 186
0 128
190 279
218 202
209 153
172 115
43 100
48 247
246 18
147 94
161 28
211 85
46 207
68 229
84 173
206 151
267 105
194 212
206 152
181 166
102 158
232 68
278 149
181 57
63 194
143 56
20 214
89 250
231 138
128 36
24 111
92 109
39 95
256 169
247 11
111 57
200 144
171 49
122 101
0 93
243 80
95 147
229 142
285 17
176 155
77 240
216 93
255 168
1 201
202 181
46 170
118 133
154 209
186 135
143 55
145 57
142 162
188 64
201 111
179 158
61 119
144 236
26 77
111 132
273 144
56 287
255 94
251 127
60 219
121 135
250 199
222 170
210 227
70 199
72 273
76 23
161 214
89 101
62 80
52 172
155 245
128 37
170 151
17 247
74 166
107 92
211 49
120 62
232 33
98 222
157 66
180 128
114 133
118 208
65 119
168 219
122 211
4 97
62 44
114 170
36 202
110 166
144 166
19 251
58 220
134 41
47 65
127 68
58 73
71 164
36 129
224 171
186 170
72 129
38 203
188 173
96 39
77 60
49 102
172 83
105 129
210 226
171 152
92 178
1 167
268 69
229 102
207 151
282 82
182 162
172 156
123 67
71 91
108 92
178 90
159 248
38 59
48 101
43 173
213 269
282 154
123 175
241 149
245 225
114 25
62 187
157 175
82 64
5 61
77 241
38 94
141 89
244 189
93 80
170 185
109 189
161 214
266 212
75 234
41 130
46 173
248 87
228 210
256 61
242 152
88 105
230 143
248 196
156 66
89 32
240 76
96 76
244 46
98 222
148 96
144 236
152 136
38 132
124 180
64 125
203 110
129 183
197 249
83 174
136 44
134 79
149 241
109 237
93 216
173 83
221 57
192 209
125 142
232 141
196 105
151 169
19 219
132 74
119 174
36 272
50 135
108 129
122 101
119 65
66 191
93 107
259 25
213 124
37 57
79 132
97 120
55 286
148 130
176 52
60 110
57 145
197 250
57 183
215 164
70 128
107 19
238 180
60 110
135 226
103 227
126 141
178 57
234 142
93 143
95 112
50 135
149 206
142 56
223 60
176 88
155 245
103 83
132 256
245 47
232 76
176 233
131 220
244 188
239 113
239 182
141 229
44 132
149 25
146 198
97 224
85 30
23 183
55 108
7 207
133 146
235 143
235 111
92 71
26 221
124 182
189 243
61 75
20 145
84 133
131 46
218 203
250 50
93 253
82 133
178 163
250 94
52 69
180 273
171 154
107 164
75 239
216 201
209 154
61 150
63 187
91 183
59 181
211 158
172 226
49 174
165 74
115 132
222 96
131 110
216 164
159 104
205 150
155 249
194 67
101 191
176 17
105 230
217 53
275 74
78 243
95 147
198 181
93 181
50 170
132 186
65 189
144 123
40 276
110 95
120 247
180 57
222 98
96 146
167 253
217 237
198 145
60 183
49 172
93 72
197 145
236 180
116 244
136 80
250 197
144 237
178 156
151 243
67 267
184 59
201 215
162 71
176 123
172 117
118 209
233 141
70 235
177 192
17 249
107 56
112 94
183 21
112 132
49 173
189 208
232 248
85 101
107 200
174 264
105 125
106 86
140 190
151 63
164 147
245 116
68 196
241 114
78 28
188 137
221 140
91 141
239 219
199 214
247 85
142 162
203 113
57 220
231 140
243 226
129 107
229 175
263 105
149 171
199 179
138 86
250 122
188 95
35 164
180 164
86 99
96 116
94 111
80 134
69 124
87 248
119 64
108 200
93 183
174 231
184 202
209 153
165 38
145 162
74 94
148 167
180 21
206 115
169 78
43 172
132 46
38 95
179 235
140 125
70 199
235 143
101 49
132 41
139 87
91 177
151 243
119 97
60 113
117 97
108 200
32 158
168 184
283 123
129 179
158 27
104 231
192 210
141 190
144 92
204 219
25 225
183 92
123 71
243 154
196 141
234 177
137 10
171 153
257 62
130 147
70 164
79 208
174 191
274 181
277 149
54 174
141 228
247 157
89 141
202 146
78 277
186 97
245 83
140 160
155 65
107 128
143 19
244 190
104 122
54 142
134 7
87 138
162 106
63 44
177 162
159 211
199 251
282 157
157 66
104 88
82 64
216 52
244 155
222 171
170 114
111 22
123 140
219 92
150 133
50 69
74 133
43 64
272 72
276 110
213 234
140 190
156 137
121 210
69 127
180 164
175 160
157 61
184 59
223 208
217 58
125 69
146 203
201 146
133 187
116 99
238 73
75 132
5 131
184 241
114 97
270 142
122 251
130 147
163 179
118 96
89 37
190 137
66 122
46 170
116 209
239 148
66 49
161 213
240 218
180 200
53 249
85 210
252 16
93 216
100 188
140 16
77 240
92 145
165 144
157 281
107 200
107 128
168 254
100 124
83 244
264 141
14 246
68 194
64 83
268 104
250 50
27 157
43 242
207 152
114 96
214 233
192 98
187 99
272 144
85 139
99 152
50 246
118 211
195 175
127 251
214 197
93 110
117 208
61 265
126 285
174 189
141 51
111 95
38 203
130 42
158 139
159 284
194 179
107 163
131 37
174 155
247 194
191 36
280 79
205 222
133 79
105 89
154 64
282 155
74 164
72 201
127 104
229 139
175 159
121 210
225 65
219 59
98 119
49 211
177 56
149 168
250 198
67 260
10 173
151 207
97 152
231 143
118 102
159 103
227 173
186 135
207 116
133 183
140 88
258 206
75 97
263 66
127 36
171 150
126 31
94 218
44 98
272 111
42 241
114 241
72 129
274 112
49 282
170 48
90 178
117 132
42 205
41 206
211 86
95 39
65 46
111 131
182 239
81 64
105 91
268 212
123 62
179 126
147 129
96 115
166 37
143 91
53 177
65 154
100 122
230 144
180 200
215 20
61 112
156 102
94 148
160 145
47 246
140 200
100 158
275 113
156 98
40 132
130 74
136 81
164 144
222 61
16 247
102 50
90 104
72 166
184 131
216 164
243 89
85 210
136 47
162 251
250 157
188 173
244 155
162 32
13 68
175 230
219 240
94 111
161 177
70 162
109 166
170 258
144 166
208 188
267 67
176 124
267 136
216 236
54 106
119 65
241 149
279 187
150 171
172 226
183 201
142 235
209 157
217 87
55 286
149 201
127 182
131 181
234 251
182 240
246 193
210 153
130 72
23 109
173 117
121 175
270 110
62 77
185 98
31 86
103 90
161 32
44 239
187 207
156 99
106 90
172 153
92 115
96 147
127 215
117 245
94 115
223 242
56 108
87 99
96 151
99 187
74 167
108 56
136 121
147 202
67 159
97 185
91 70
271 143
40 168
176 125
155 212
126 105
94 254
190 140
160 66
167 182
234 214
146 22
92 72
213 121
79 133
191 140
149 169
149 62
197 176
116 279
191 210
62 152
209 191
57 148
171 223
168 77
251 128
8 171
148 241
108 164
154 208
174 157
25 187
263 102
156 210
129 144
110 129
85 173
238 73
175 192
209 82
48 138
123 151
151 170
12 137
126 106
57 220
213 234
58 146
95 115
174 154
232 69
172 78
284 161
152 135
92 71
226 60
108 92
20 74
248 231
174 193
138 230
40 168
115 171
188 61
147 167
160 104
44 98
20 180
46 210
149 239
184 97
52 104
55 176
187 63
207 79
239 147
139 91
138 82
131 40
49 136
187 61
170 185
87 176
116 97
159 33
177 162
139 54
38 203
90 182
152 207
236 111
89 138
186 169
142 198
173 153
60 119
247 54
84 64
116 279
88 105
151 134
54 247
136 11
92 143
84 138
224 207
197 177
69 160
157 174
92 71
145 199
60 113
126 142
120 178
242 187
46 132
202 145
95 42
108 20
207 226
176 123
172 52
213 233
121 211
119 210
161 31
86 171
129 144
194 212
63 193
74 60
197 33
145 165
179 272
104 193
143 198
155 65
121 36
197 40
239 3
236 150
126 140
204 75
173 151
14 139
172 155
161 214
129 38
103 126
255 168
205 113
98 158
247 194
122 180
102 48
95 78
150 242
217 94
249 233
170 77
228 62
180 129
89 182
44 170
97 118
185 131
165 181
24 75
92 214
185 168
236 179
35 198
175 120
134 152
251 199
46 136
104 267
58 110
237 148
102 83
41 61
93 107
167 75
155 282
215 129
126 70
238 218
59 74
228 245
40 241
122 176
116 65
140 87
172 187
191 136
113 170
48 174
49 175
245 81
94 146
66 85
207 82
55 107
89 176
105 54
122 104
128 72
106 18
188 136
183 130
136 118
90 74
145 237
61 76
66 121
70 91
70 161
183 59
107 267
138 11
89 137
94 38
101 89
156 97
70 271
135 41
82 248
134 8
232 175
216 164
53 248
36 165
10 245
280 119
161 142
91 70
151 278
250 52
197 69
0 165
69 157
149 168
103 193
229 211
55 72
81 99
248 160
157 175
165 253
131 184
43 134
98 156
194 144
179 159
279 150
246 121
49 174
79 97
41 129
129 69
75 238
139 91
102 84
226 209
135 149
102 46
187 170
102 121
129 216
146 162
211 54
80 207
247 228
131 111
211 16
276 113
167 3
89 140
70 88
46 101
33 123
283 84
68 158
193 141
234 105
86 139
150 171
41 169
247 160
69 161
227 103
201 146
209 191
210 45
271 143
146 96
194 102
203 146
133 112
29 118
31 160
197 178
121 283
139 264
98 185
161 181
80 169
177 232
70 128
152 99
276 41
251 235
148 25
69 52
236 143
194 143
216 165
221 133
45 245
194 67
240 186
189 102
208 115
148 238
84 68
53 250
200 252
151 242
216 57
61 258
149 241
154 247
71 164
63 80
108 273
178 162
74 275
75 168
145 203
251 236
195 176
117 65
209 12
176 49
131 80
150 205
139 51
43 131
172 152
105 229
180 125
193 215
159 212
128 181
73 130
161 177
155 210
101 263
131 81
107 127
187 60
173 154
129 107
35 236
204 118
209 155
188 208
17 210
180 129
195 182
139 125
168 39
177 155
145 125
54 141
71 234
138 226
244 191
103 193
106 235
163 214
24 148
133 259
194 139
221 204
170 223
245 153
135 153
120 103
221 206
178 90
72 129
176 41
159 212
212 120
148 97
137 153
178 163
214 121
226 244
275 183
100 223
111 59
227 138
247 195
112 132
138 126
172 53
176 121
202 254
30 82
114 99
89 105
190 174
141 90
167 182
112 132
150 27
1 202
90 101
100 88
170 78
203 74
148 165
245 189
205 42
183 22
213 195
178 127
81 135
280 81
71 57
130 148
95 147
196 103
136 156
43 171
197 141
241 150
258 163
192 175
248 51
58 38
157 282
147 203
217 59
134 187
21 108
61 190
205 147
228 246
159 99
140 151
187 171
108 57
104 126
167 211
85 248
37 59
48 211
238 182
236 216
150 134
145 94
23 109
36 165
161 65
91 102
56 106
179 200
145 237
82 210
29 153
273 112
14 139
149 168
72 237
1 95
91 71
134 186
155 212
91 102
76 203
210 229
59 40
102 192
47 175
26 186
105 229
65 156
140 190
238 109
99 152
246 121
103 14
139 123
51 249
157 101
174 228
245 81
130 112
123 211
41 61
57 179
168 111
175 55
243 187
247 159
57 180
235 143
129 183
99 119
178 54
3 132
157 98
220 240
124 212
54 211
95 39
266 248
55 71
89 174
169 147
121 174
181 124
100 114
98 185
162 178
181 201
155 246
69 197
66 120
129 36
208 224
250 90
24 218
96 256
162 104
57 250
81 96
91 179
118 212
145 57
162 250
219 59
276 114
148 60
159 30
90 174
71 92
166 1
227 61
56 251
149 241
213 88
212 83
128 72
171 16
156 62
167 38
125 30
180 22
257 170
242 221
135 224
5 168
121 139
129 36
92 180
171 152
54 142
126 139
89 250
35 90
124 68
139 226
212 124
141 91
67 157
106 54
169 49
43 134
126 178
210 266
144 201
75 95
192 245
260 170
128 251
168 185
186 96
162 68
280 151
87 140
114 206
216 88
176 155
209 117
167 185
223 137
216 127
211 158
122 67
105 228
83 28
138 119
241 149
223 207
58 74
221 62
136 80
119 172
136 225
200 108
41 131
33 88
134 77
228 246
105 126
217 238
195 211
169 41
144 58
4 131
224 170
187 98
67 122
201 148
122 211
114 278
247 123
146 132
102 48
237 109
130 218
61 151
194 27
121 64
162 106
238 180
176 123
130 184
52 69
52 177
137 227
141 196
111 202
198 106
66 114
177 234
171 51
102 120
76 96
207 152
109 93
146 203
154 140
173 191
108 92
200 108
21 180
115 96
79 63
177 156
92 142
34 162
116 206
150 243
2 130
148 132
211 124
60 113
245 82
183 167
240 112
108 230
250 197
136 152
116 28
71 128
105 52
107 128
99 186
180 165
91 214
137 82
145 130
216 128
184 206
211 195
199 178
234 109
108 239
156 98
105 125
214 269
187 206
193 101
73 130
178 235
96 115
158 283
269 176
100 46
247 85
41 134
112 97
30 157
217 129
142 127
187 60
270 142
147 23
5 170
83 102
211 50
251 200
75 167
25 150
132 219
230 138
177 124
270 111
108 93
191 101
62 43
157 29
38 95
91 71
151 169
177 161
86 175
37 203
246 114
140 227
20 180
158 102
128 71
196 105
107 129
241 39
121 98
65 189
222 63
233 176
38 167
115 97
227 101
171 44
86 104
72 164
97 83
92 214
155 175
207 190
55 216
131 39
282 157
144 127
199 32
204 149
110 92
58 182
117 99
160 103
147 276
224 170
60 117
41 166
126 102
259 26
178 161
214 198
128 179
45 96
48 101
59 220
6 99
61 152
108 201
188 171
142 193
47 208
241 40
244 154
132 149
179 235
212 49
96 147
68 86
241 114
90 102
60 182
125 180
195 104
87 102
93 181
239 220
221 97
61 185
35 233
130 74
245 154
131 79
31 230
190 244
131 81
42 61
217 238
122 175
225 64
78 170
141 233
167 182
124 101
114 97
62 115
16 213
153 244
108 129
251 271
95 109
65 154
65 153
21 181
140 85
178 159
129 181
67 159
151 95
136 122
29 83
11 101
243 189
246 84
193 173
152 175
109 93
220 95
199 107
111 59
62 157
95 223
206 220
104 157
198 249
190 214
116 279
45 171
104 51
187 279
126 68
214 158
41 132
119 209
275 182
157 30
158 62
170 222
208 225
111 234
143 90
65 226
244 117
55 179
68 232
142 270
73 130
241 184
276 3
56 178
5 96
207 115
142 199
50 210
211 120
74 233
196 33
206 116
129 36
48 170
244 45
244 116
148 23
132 76
131 146
100 198
127 140
89 180
34 89
28 189
218 21
131 217
232 177
98 158
185 131
129 184
241 77
52 216
161 105
52 141
224 171
185 170
88 102
183 162
157 71
135 189
108 94
105 161
165 144
192 172
101 156
59 75
97 40
3 204
242 185
82 99
241 44
273 180
121 138
191 210
106 54
220 23
236 71
19 248
97 222
71 56
78 207
61 190
49 134
79 99
178 93
175 85
103 194
134 79
186 133
195 28
172 188
177 156
62 152
232 212
206 185
244 187
123 69
220 29
49 281
227 210
94 110
180 121
235 70
220 206
156 101
219 239
170 48
27 117
195 143
80 62
138 49
122 247
141 52
192 175
139 14
219 60
75 205
160 145
198 177
130 111
42 169
128 71
162 213
89 212
91 141
251 120
137 88
215 230
147 95
53 139
137 12
122 140
247 157
64 196
210 157
241 115
121 102
126 106
175 123
102 120
164 216
212 157
159 68
131 45
98 44
130 217
231 248
91 44
20 286
218 237
103 14
54 106
173 90
208 117
117 136
242 79
90 69
161 142
174 156
127 177
112 205
196 177
27 193
61 78
26 151
183 132
218 239
104 53
108 237
137 264
183 129
235 143
83 98
59 256
43 242
185 205
76 62
68 53
115 207
215 127
97 155
158 99
178 125
121 214
136 187
136 47
258 206
6 97
148 200
170 185
195 176
156 67
166 146
121 175
108 199
89 105
139 49
262 209
27 230
66 157
91 179
73 58
63 116
72 61
145 165
156 210
127 106
39 238
94 111
113 174
157 109
180 166
144 160
194 178
123 180
20 179
135 187
209 226
112 239
200 109
190 136
153 104
243 81
139 193
77 130
130 112
181 131
171 79
250 54
146 239
217 167
241 113
272 143
213 125
136 227
71 127
193 282
188 172
144 56
227 100
110 270
100 81
136 191
265 31
201 216
57 215
156 209
105 92
250 233
134 186
80 100
135 50
167 218
133 74
81 208
135 261
157 27
67 87
283 81
49 209
139 157
211 16
215 17
240 219
166 254
181 200
0 201
36 93
128 254
41 60
247 51
130 1
19 287
130 108
126 181
140 86
59 145
102 126
69 197
185 58
161 34
131 38
203 74
101 119
180 164
272 72
91 72
195 175
162 179
72 128
242 79
74 204
203 39
95 187
181 93
55 175
230 67
157 103
124 213
105 128
168 183
93 108
28 189
198 213
114 169
171 261
152 140
187 132
97 45
225 203
128 107
107 128
197 33
159 285
248 124
109 93
55 142
201 74
36 126
140 88
275 75
155 245
67 225
96 77
83 132
173 52
175 85
69 233
223 169
141 17
108 200
91 251
157 211
173 83
189 95
130 181
217 166
86 102
222 61
263 102
55 106
250 47
23 220
132 151
191 141
179 92
119 101
56 251
165 36
45 133
162 66
103 86
210 157
129 216
197 176
63 43
245 190
135 15
250 54
148 277
90 183
63 223
96 154
135 188
275 74
87 136
112 95
205 112
60 152
16 247
98 78
61 42
241 6
171 259
16 105
178 157
217 124
155 63
213 88
205 42
28 188
118 246
38 58
77 135
19 247
148 60
200 0
131 44
52 285
240 110
143 195
101 118
152 207
171 153
54 70
183 167
209 155
280 186
281 157
163 67
94 109
39 59
213 18
86 175
196 177
108 199
208 42
136 189
46 99
287 19
188 63
198 107
279 151
247 157
238 183
162 71
185 63
147 239
103 121
79 278
204 147
172 116
246 192
133 113
113 242
208 81
81 137
18 210
91 142
145 130
142 89
148 95
39 130
196 177
226 59
161 213
168 220
69 233
139 189
160 249
118 245
45 136
42 133
149 169
48 65
183 169
93 252
48 67
166 181
195 175
258 60
159 180
108 94
205 149
192 174
84 173
162 31
156 103
94 145
71 126
89 177
242 224
170 194
207 223
183 60
141 89
98 41
86 176
193 101
123 99
176 154
147 238
109 59
89 70
164 216
181 202
268 212
251 121
102 46
97 87
230 71
90 153
102 158
31 192
57 144
164 0
78 135
26 228
143 236
121 140
104 227
142 128
108 94
4 205
83 101
94 148
4 98
167 184
202 144
43 132
132 9
162 145
135 46
130 80
164 36
181 166
112 133
171 262
169 8
71 164
280 45
230 139
276 145
99 43
147 168
283 122
193 66
224 100
45 66
43 170
149 134
53 177
176 193
140 267
30 154
236 216
254 203
125 102
107 48
101 80
67 229
70 128
284 54
213 156
113 237
239 39
216 200
162 182
148 168
43 131
90 176
200 107
6 97
242 114
159 141
11 209
117 245
169 115
220 59
67 194
188 136
202 144
247 159
119 281
70 126
190 99
265 105
111 236
126 140
143 200
112 241
133 150
28 119
161 141
46 132
93 251
172 50
134 44
204 113
211 195
58 75
77 26
113 60
55 250
40 203
208 262
249 52
115 207
211 159
59 75
27 79
178 91
135 152
43 170
59 38
154 209
244 81
46 102
255 168
10 131
128 251
59 221
232 249
125 101
164 36
118 67
249 234
95 110
61 42
218 94
284 160
177 92
8 208
151 171
173 188
174 227
109 237
199 250
67 193
45 208
130 181
173 192
102 127
224 206
115 207
188 138
113 171
145 22
173 52
210 82
155 213
93 180
199 251
152 136
178 19
136 187
102 90
159 140
216 129
197 110
246 153
170 44
95 38
84 102
94 112
131 4
248 118
191 97
98 41
154 173
49 140
71 128
240 112
97 112
143 232
38 166
224 136
206 188
240 2
68 127
48 133
285 198
201 110
88 102
216 56
283 123
121 134
108 92
100 116
10 285
173 52
39 95
132 119
103 230
50 284
209 261
104 227
182 127
126 105
251 91
150 135
185 26
165 109
101 188
135 187
176 54
141 160
85 176
153 138
80 244
69 162
224 133
7 208
238 219
92 144
241 222
194 176
151 170
207 114
135 43
69 124
138 153
56 37
196 247
96 186
88 284
100 154
32 195
190 174
101 226
228 105
200 180
75 165
159 96
169 113
206 78
182 274
135 13
243 226
120 175
215 128
73 94
169 150
182 199
239 110
96 114
76 59
117 65
186 64
154 100
63 187
167 185
164 147
185 97
72 267
215 164
84 167
6 207
264 137
161 181
123 137
91 286
187 243
26 187
9 102
161 142
127 108
249 19
222 22
224 63
16 140
26 185
106 234
208 114
97 153
195 108
137 118
198 250
108 128
266 104
164 107
174 157
95 111
132 10
170 186
67 50
86 136
248 231
203 2
138 226
130 182
74 132
110 233
267 176
121 133
118 30
116 132
178 55
35 163
179 93
144 272
159 177
3 205
200 252
152 171
134 77
224 63
47 137
123 104
109 202
147 167
237 218
183 169
116 133
147 204
263 101
90 106
278 42
127 252
201 144
204 220
182 132
131 111
191 141
128 140
85 97
154 171
88 248
191 100
67 49
72 129
40 242
189 207
203 254
145 165
133 112
229 29
59 255
127 0
120 134
165 74
240 182
103 157
104 53
83 133
74 168
198 146
211 117
190 172
97 221
123 146
162 70
160 103
90 143
207 225
107 164
27 116
181 161
191 176
144 273
102 120
146 203
238 146
250 163
230 66
130 183
243 45
67 162
147 236
106 90
101 48
227 137
62 79
119 175
265 139
122 135
117 282
112 132
106 92
144 237
122 282
136 15
89 141
72 230
151 60
243 151
89 106
134 152
252 52
197 212
212 123
67 161
181 126
116 136
47 137
80 283
131 183
74 237
67 84
94 37
221 205
146 202
1 131
57 144
100 122
130 78
225 172
177 91
132 75
195 104
90 141
130 253
91 71
147 203
70 126
184 168
239 183
192 66
215 272
195 104
234 214
15 143
127 72
233 141
223 136
155 64
226 63
262 174
144 92
23 148
139 127
113 196
239 112
187 278
26 188
159 109
182 239
58 73
105 197
240 112
132 110
187 208
196 68
183 167
129 110
197 210
141 18
50 250
60 111
44 132
125 68
37 240
135 226
212 196
134 79
120 248
241 151
284 124
233 178
210 48
228 105
62 150
192 139
249 232
228 104
172 222
16 249
17 211
122 175
35 128
105 126
250 199
122 100
189 136
86 104
171 152
159 64
85 209
167 37
106 126
44 98
68 230
21 108
149 94
103 83
159 103
268 140
93 36
286 91
247 229
129 253
135 150
76 61
41 276
239 147
177 89
196 145
169 222
173 83
179 93
266 176
42 134
74 131
160 213
141 54
230 67
21 72
160 66
208 43
251 85
149 204
154 139
60 148
164 109
248 159
195 140
171 116
247 157
102 50
221 240
183 25
248 158
50 139
261 28
124 106
94 110
201 181
246 227
168 257
38 58
4 131
173 192
95 149
22 74
157 247
114 274
87 283
104 194
120 138
75 23
137 84
210 13
138 88
63 78
189 276
42 206
88 105
102 45
129 4
84 175
128 36
153 281
102 161
236 180
26 188
215 234
230 30
140 190
278 187
148 169
276 186
172 53
223 242
138 156
92 104
229 139
106 235
270 105
56 179
45 63
100 190
247 158
168 218
98 121
249 197
233 214
36 130
180 199
54 175
133 112
188 95
242 5
38 204
67 157
203 218
142 80
147 23
150 26
11 169
242 186
112 130
160 248
108 55
105 124
131 110
189 101
110 94
125 214
39 240
211 47
174 83
214 163
235 250
171 223
126 105
168 147
133 149
151 243
91 175
125 141
81 64
160 63
253 58
181 93
174 194
110 129
65 124
209 225
102 154
48 287
42 207
44 173
177 89
131 111
19 178
114 134
57 72
193 68
59 73
104 267
233 249
102 118
220 129
109 232
263 66
249 54
192 61
94 112
137 54
239 110
144 57
201 216
36 273
199 148
152 100
286 54
172 119
115 63
145 239
134 86
136 79
145 95
170 78
89 213
190 62
73 129
285 126
105 233
12 101
156 247
72 93
12 209
211 117
226 103
154 245
61 186
100 88
171 151
54 219
218 23
152 64
53 209
62 148
99 44
130 111
122 63
88 70
281 48
245 156
168 184
274 182
144 159
193 208
92 107
241 78
209 116
107 127
233 69
229 139
175 192
136 15
226 172
127 146
73 269
40 61
217 133
111 131
128 69
235 178
152 136
172 79
280 115
38 57
145 202
224 135
169 257
123 176
167 184
264 102
95 114
141 91
83 213
31 121
124 176
112 26
129 70
97 224
103 127
198 30
146 168
103 48
178 161
122 66
162 181
147 60
81 207
127 68
221 132
55 178
265 106
99 120
214 155
243 116
76 133
125 105
171 150
286 161
254 16
228 245
248 231
78 169
60 112
169 78
130 110
92 142
130 39
215 162
220 167
53 176
200 287
29 118
259 62
41 132
187 61
129 187
240 111
77 205
93 72
214 55
41 95
68 91
190 27
156 65
148 202
100 123
70 270
184 23
152 137
105 17
132 80
206 6
203 112
63 229
46 170
56 36
199 215
77 133
150 205
193 25
181 165
43 168
61 156
156 101
11 174
9 245
70 198
97 83
231 211
139 191
161 177
176 231
97 4
92 180
244 153
185 131
138 85
3 129
77 27
178 271
238 219
173 152
49 103
195 68
135 119
151 94
40 167
83 97
239 74
190 64
131 184
64 190
181 273
166 40
236 112
148 61
200 111
102 190
242 222
91 182
211 158
143 235
250 126
118 96
39 96
207 115
117 243
179 200
61 77
112 26
124 105
117 243
237 109
207 116
192 208
139 122
42 168
157 179
40 60
116 241
205 8
284 88
176 91
127 184
239 147
90 214
135 116
254 94
81 27
130 218
106 198
131 219
132 4
189 207
231 67
165 72
166 185
186 97
214 91
215 159
107 266
184 205
145 92
222 60
128 179
135 155
181 89
163 179
247 158
128 70
122 134
102 86
145 57
64 189
41 242
157 281
156 101
64 158
79 134
187 171
221 239
222 61
164 35
64 154
176 232
147 201
251 201
243 186
227 66
247 85
132 47
214 128
247 155
60 189
51 137
106 196
90 40
93 73
215 271
21 254
132 219
45 243
135 225
63 228
273 180
75 95
168 40
21 72
279 152
132 80
238 113
203 75
99 188
121 134
95 74
91 71
133 112
273 217
93 36
177 228
173 16
253 22
177 18
250 89
13 138
195 64
210 191
233 212
174 119
136 224
206 188
204 5
33 126
86 211
65 190
60 110
262 179
158 176
177 154
189 206
147 238
120 66
98 157
146 57
181 274
220 98
124 211
91 143
133 83
283 157
37 93
216 130
138 47
84 248
198 141
208 115
67 159
218 167
147 168
22 109
194 103
193 139
123 101
184 24
174 12
95 181
283 157
60 184
115 97
197 32
86 139
42 136
272 144
29 80
17 105
228 106
113 169
108 93
238 2
75 204
232 28
98 150
126 68
227 138
111 96
94 145
79 168
125 212
220 134
17 177
188 172
240 78
217 165
70 129
112 25
137 190
244 184
79 100
65 225
150 96
75 132
245 192
133 185
201 184
103 127
205 151
143 235
70 235
199 251
52 212
104 17
94 146
209 116
153 65
102 192
200 179
206 80
183 205
55 214
203 218
140 203
169 186
173 119
102 190
38 130
247 55
244 189
278 114
95 76
93 145
99 79
90 105
131 255
89 68
200 252
201 217
248 87
139 158
148 240
236 179
22 217
169 4
228 210
155 210
269 141
116 244
154 280
60 220
175 268
155 96
50 247
155 244
4 205
95 186
208 8
58 146
60 111
131 2
21 218
89 142
83 249
120 174
56 217
121 99
40 169
134 257
51 173
136 83
72 56
199 72
62 228
246 119
203 148
129 36
100 81
150 130
250 53
142 18
211 86
140 51
272 0
171 42
76 239
129 72
181 130
136 258
167 39
179 200
206 8
57 109
147 204
173 153
139 86
46 64
170 257
15 172
78 133
172 43
214 127
248 88
74 21
244 79
107 163
148 165
198 178
185 59
132 76
232 212
178 162
36 93
113 61
194 30
55 70
221 240
132 2
205 113
73 93
157 180
60 39
61 149
114 207
159 283
64 45
96 3
233 181
60 77
115 243
207 188
113 24
190 73
130 72
56 108
154 175
156 209
214 235
112 59
213 124
249 269
176 189
231 212
235 34
116 100
115 278
145 162
23 75
142 89
115 61
247 124
216 237
192 136
162 142
85 247
271 111
160 66
169 75
75 194
239 183
125 69
84 206
64 114
227 174
287 50
8 243
211 266
169 256
197 109
115 242
204 41
89 105
231 140
37 201
88 138
183 239
136 81
236 215
138 155
142 91
228 104
173 152
159 180
136 118
148 94
79 244
171 45
227 208
202 219
150 169
141 161
238 181
12 102
122 67
80 132
180 93
121 31
224 98
216 200
200 0
110 94
152 281
54 250
121 103
93 36
41 241
19 251
100 157
143 127
61 114
275 109
124 102
50 174
132 148
91 104
187 172
211 228
14 212
89 209
171 190
96 221
96 76
166 39
113 131
118 209
144 200
52 212
163 250
176 158
194 31
249 120
170 221
224 103
79 242
231 213
180 93
201 181
106 229
163 250
64 189
120 284
104 15
230 176
75 204
146 203
204 222
199 250
127 107
102 154
202 110
41 98
52 137
168 39
129 253
51 248
106 162
137 188
72 164
205 113
54 215
117 135
153 99
189 245
38 166
247 55
91 152
169 183
186 206
141 90
213 161
69 126
230 63
228 25
196 68
62 223
180 125
103 194
83 173
185 242
67 198
223 243
91 140
191 174
92 71
81 101
185 240
117 132
143 20
144 274
208 120
175 156
253 165
208 10
228 69
251 20
131 40
160 105
104 50
246 86
152 245
213 155
187 205
174 84
77 130
78 135
204 184
155 211
120 65
195 63
147 240
84 28
75 239
20 214
52 176
164 252
216 93
96 150
80 99
246 120
86 175
145 197
200 71
219 95
182 202
95 148
112 59
249 18
48 138
163 179
134 152
255 96
116 134
272 180
0 236
54 142
187 135
207 223
187 98
137 119
141 89
17 214
25 79
134 43
282 157
207 116
123 180
63 151
281 120
151 98
88 140
94 183
206 151
63 195
168 185
24 184
231 176
102 85
185 204
108 94
65 197
158 66
198 179
172 43
207 80
95 74
171 226
164 71
153 61
168 218
112 95
108 20
159 141
237 36
140 158
97 149
172 154
254 131
84 137
210 190
146 94
123 180
223 27
62 150
237 108
135 122
176 232
101 89
49 211
126 70
59 37
72 86
226 65
120 173
228 28
213 233
209 117
170 222
69 90
142 128
212 125
123 103
179 162
151 171
175 160
116 174
163 33
215 270
74 92
223 98
286 54
118 136
150 206
40 168
107 90
175 49
116 207
277 78
75 168
178 234
206 151
62 257
141 194
83 174
111 128
207 261
241 149
174 192
194 138
209 16
73 94
243 117
76 133
2 58
27 187
27 80
123 284
222 133
128 142
246 158
128 146
160 141
241 114
135 185
92 144
65 158
223 28
193 61
96 220
166 109
195 247
191 173
203 217
105 124
50 176
250 234
93 254
205 40
235 144
110 239
233 178
159 211
175 89
261 243
147 96
39 166
203 149
115 277
195 143
115 99
225 243
188 65
198 178
89 137
195 32
159 68
127 138
108 237
279 44
59 182
45 279
123 216
120 100
175 232
126 214
228 173
195 283
94 108
167 40
28 80
140 88
218 130
145 93
145 167
126 69
256 131
121 29
199 178
202 39
132 41
145 237
250 161
15 172
164 36
77 243
179 57
171 10
86 138
165 1
99 7
8 62
200 33
46 168
193 211
74 59
111 203
181 57
166 182
87 283
41 205
57 148
146 167
152 137
90 178
171 187
22 74
85 210
226 131
201 145
40 206
147 169
99 157
230 140
159 179
47 138
85 99
60 115
165 182
229 143
205 150
103 230
171 186
129 37
204 114
180 200
214 162
94 109
30 228
52 68
173 227
96 6
150 171
155 30
172 81
59 219
223 134
81 27
90 139
56 180
101 80
147 59
183 127
154 63
189 172
103 194
122 175
248 196
98 81
178 198
176 124
43 133
182 93
139 120
169 78
123 216
204 184
39 96
28 159
70 91
15 102
56 215
246 158
215 163
196 104
204 218
150 205
121 101
168 148
159 177
270 33
208 151
194 175
207 51
152 63
97 117
205 75
47 246
59 148
100 122
177 93
97 41
149 26
216 86
113 241
63 116
174 89
217 57
51 248
211 86
76 24
183 132
153 209
118 247
242 151
183 166
202 180
236 110
223 97
136 259
232 213
58 109
202 181
206 222
121 215
48 102
87 101
112 95
3 165
103 228
95 37
197 248
225 62
181 129
226 175
34 165
200 251
148 239
250 91
121 98
173 88
222 133
91 140
157 138
107 127
218 125
126 137
95 185
107 55
121 214
95 74
216 236
140 124
70 235
148 236
190 64
109 201
85 135
98 115
102 11
207 187
138 153
228 101
236 215
188 98
140 196
188 137
97 40
152 100
227 209
143 162
278 189
134 80
239 219
11 210
96 76
215 233
133 9
217 202
116 136
110 95
79 98
227 138
178 160
231 212
236 252
44 167
101 226
213 156
106 90
195 176
61 115
145 237
190 97
18 70
44 101
176 196
154 137
241 78
137 83
178 54
51 67
177 92
236 71
272 145
206 185
77 277
102 191
191 105
146 203
184 97
148 131
99 46
182 56
134 114
128 72
103 84
131 109
164 144
141 93
210 11
103 195
94 217
102 14
248 195
153 211
160 140
96 184
82 245
21 180
193 169
91 183
61 221
205 150
119 67
131 184
287 55
100 116
218 130
62 224
136 223
60 148
161 31
94 108
101 154
113 130
62 226
146 167
214 235
172 263
52 249
213 197
273 144
124 104
250 54
155 175
55 249
118 95
208 85
93 142
241 78
221 206
66 49
214 235
177 197
174 86
112 170
138 227
115 243
0 164
165 145
129 109
52 177
95 182
259 207
153 96
86 32
109 130
187 62
87 213
98 112
170 259
101 123
72 57
131 74
141 162
141 126
108 128
108 236
238 145
107 55
143 90
267 140
134 47
219 56
176 192
172 47
168 183
81 281
203 184
151 96
109 130
122 137
222 24
270 214
91 214
274 109
80 137
141 159
151 96
203 74
87 141
127 104
125 69
273 108
156 211
88 67
130 147
109 131
221 95
162 68
107 126
253 52
171 44
169 75
242 42
136 189
204 219
153 139
184 204
232 141
209 110
52 69
77 131
126 250
85 135
44 65
145 273
79 27
219 131
98 151
74 167
49 135
182 125
174 227
113 63
236 215
59 76
132 82
71 199
212 232
144 200
120 175
173 226
201 181
211 192
214 162
246 118
137 226
169 183
161 104
144 92
139 194
177 87
199 250
74 95
181 237
184 241
205 183
107 19
169 85
161 248
148 204
135 157
66 119
241 223
227 68
41 130
160 33
126 142
100 124
239 110
144 164
259 136
191 102
130 112
33 196
93 145
144 236
244 227
54 251
182 203
185 132
207 42
199 107
174 50
181 167
94 115
182 94
182 92
175 159
107 126
131 40
3 96
101 9
58 38
178 55
96 78
174 52
235 115
17 177
144 58
163 72
40 95
247 117
240 111
85 134
154 61
209 81
62 229
127 250
148 206
160 212
43 135
113 97
172 14
65 155
135 189
250 235
185 168
105 53
99 123
251 55
132 114
178 91
206 115
100 224
99 225
127 179
119 98
216 237
162 287
179 195
106 19
249 55
119 208
28 119
125 33
20 144
160 215
129 144
89 104
163 147
158 140
146 237
101 123
203 149
175 51
2 94
85 102
64 119
248 118
203 113
237 73
89 249
192 98
96 151
22 220
110 198
129 73
263 138
172 125
149 61
162 34
240 220
136 154
182 168
60 149
171 79
168 183
205 111
130 73
95 76
196 175
154 282
187 208
179 56
89 178
148 95
104 263
127 182
160 217
37 93
63 223
122 104
147 94
135 219
121 66
30 157
167 40
214 49
106 54
129 73
124 284
95 225
166 146
153 172
116 245
237 182
212 123
237 109
101 44
1 165
234 214
148 133
105 126
116 26
134 186
192 26
53 106
134 77
80 136
219 167
237 111
247 156
113 241
67 84
66 226
142 197
143 163
136 81
138 124
78 241
93 147
284 125
154 281
62 193
30 49
62 116
170 187
220 169
107 267
161 177
94 110
77 204
99 43
84 66
182 239
110 60
276 146
115 135
180 164
70 124
116 100
11 172
39 60
102 157
243 116
130 75
105 125
188 98
60 112
100 121
25 228
73 52
74 95
125 178
202 222
123 284
58 181
149 240
40 167
158 63
17 213
60 77
177 54
63 154
69 270
116 208
69 53
165 180
207 51
248 82
182 163
200 107
256 131
253 130
102 12
166 145
83 285
152 61
244 84
213 91
113 205
160 212
198 146
170 185
187 206
208 47
190 60
157 103
241 187
99 225
95 188
43 207
242 188
228 137
248 120
47 102
124 136
188 173
41 25
233 142
185 133
208 51
98 152
141 227
189 173
114 172
214 20
206 150
99 85
103 192
201 112
210 191
82 96
161 141
185 205
8 170
12 246
179 92
86 175
188 135
240 186
84 249
231 65
204 148
16 104
81 244
98 257
61 184
108 195
157 173
256 59
41 168
57 219
71 128
99 156
245 262
49 138
171 187
107 235
162 69
96 77
89 104
83 101
187 237
233 108
63 115
179 159
67 13
188 174
258 242
48 245
132 111
84 98
46 63
144 273
250 199
215 163
133 150
185 166
185 97
65 82
247 85
242 186
247 157
67 48
247 50
3 96
129 184
168 75
239 220
48 247
169 148
108 201
174 52
220 59
143 91
184 59
183 126
148 201
145 273
131 80
259 205
5 95
251 236
163 31
48 210
205 112
132 84
225 63
42 135
78 26
31 85
157 282
197 177
114 134
1 130
57 109
91 141
195 67
248 50
112 235
144 195
123 32
180 123
79 132
68 87
131 146
64 45
207 83
208 117
115 245
139 90
91 35
113 99
243 188
251 201
215 55
165 179
60 185
92 107
175 85
